triangle1
119,155
112,0
224,232
0,232
triangle2
119,155
112,0
224,232
0,232
triangle3
119,155
112,0
224,232
0,232
pentagon1
136,62
117,0
233,23
188,61
45,61
0,23
pentagon2
136,62
117,0
233,23
188,61
45,61
0,23
floor1
400,11
0,0
799,0
799,22
0,22
tfloor
400,63
0,0
799,00	
799,126
0,126
twall
63,400
0,0
126,0
126,799
0,799
floorbythedoor
0,0
350,0
350,20
0,20
floorhump
135,0
494,0
630,90
0,90
longfloor
0,0
980,0
980,20
0,20
mramp
280,0
280,20
40,139
0,139
player1
48,6
56,6
67,28
67,31
61,58
41,58
34,49
35,29
end
