triangle1
119,155
112,0
224,232
0,232
triangle2
119,155
112,0
224,232
0,232
triangle3
119,155
112,0
224,232
0,232
pentagon1
136,62
117,0
233,23
188,61
45,61
0,23
pentagon2
136,62
117,0
233,23
188,61
45,61
0,23
floor1
400,11
0,0
799,0
799,22
0,22
tfloor
400,63
0,0
799,00	
799,126
0,126
twall
63,400
0,0
126,0
126,799
0,799
floorbythedoor
175,10
0,0
350,0
350,20
0,20
floorhump
314,49
134,0
494,0
630,90
0,90
longfloor
490,10
0,0
980,0
980,20
0,20
longfloor2
490,10
0,3
980,0
980,20
0,20
mramp
150,74
280,0
280,20
40,139
0,139
hwall
15,150
0,0
30,0
30,300
0,300
goop
21,5
0,7
2,4
6,2
12,2
20,2
27,1
29,1
33,2
38,3
40,4
41,5
42,6
43,7
janitor
15,28
14,1
23,1
28,24
28,34
23,53
11,53
1,37
4,19
9,5
end
